-2.3000e+00 -0.0000e+00 0.0000e+00 0.0000e+00 7.8540e-01 0.0000e+00
-2.3000e+00 -0.0000e+00 0.0000e+00 0.0000e+00 -7.8540e-01 0.0000e+00
-2.3000e+00 -0.0000e+00 0.0000e+00 0.0000e+00 0.0000e+00 0.0000e+00
-2.1249e+00 8.8017e-01 0.0000e+00 0.0000e+00 7.8540e-01 -3.9270e-01
-2.1249e+00 8.8017e-01 0.0000e+00 0.0000e+00 -7.8540e-01 -3.9270e-01
-2.1249e+00 8.8017e-01 0.0000e+00 0.0000e+00 0.0000e+00 -3.9270e-01
-1.6263e+00 1.6263e+00 0.0000e+00 0.0000e+00 7.8540e-01 -7.8540e-01
-1.6263e+00 1.6263e+00 0.0000e+00 0.0000e+00 -7.8540e-01 -7.8540e-01
-1.6263e+00 1.6263e+00 0.0000e+00 0.0000e+00 0.0000e+00 -7.8540e-01
-8.8017e-01 2.1249e+00 0.0000e+00 0.0000e+00 7.8540e-01 -1.1781e+00
-8.8017e-01 2.1249e+00 0.0000e+00 0.0000e+00 -7.8540e-01 -1.1781e+00
-8.8017e-01 2.1249e+00 0.0000e+00 0.0000e+00 0.0000e+00 -1.1781e+00
-3.0516e-06 2.3000e+00 0.0000e+00 0.0000e+00 7.8540e-01 -1.5708e+00
-3.0516e-06 2.3000e+00 0.0000e+00 0.0000e+00 -7.8540e-01 -1.5708e+00
-3.0516e-06 2.3000e+00 0.0000e+00 0.0000e+00 0.0000e+00 -1.5708e+00
8.8017e-01 2.1249e+00 0.0000e+00 0.0000e+00 7.8540e-01 -1.9635e+00
8.8017e-01 2.1249e+00 0.0000e+00 0.0000e+00 -7.8540e-01 -1.9635e+00
8.8017e-01 2.1249e+00 0.0000e+00 0.0000e+00 0.0000e+00 -1.9635e+00
1.6263e+00 1.6263e+00 0.0000e+00 0.0000e+00 7.8540e-01 -2.3562e+00
1.6263e+00 1.6263e+00 0.0000e+00 0.0000e+00 -7.8540e-01 -2.3562e+00
1.6263e+00 1.6263e+00 0.0000e+00 0.0000e+00 0.0000e+00 -2.3562e+00
2.1249e+00 8.8018e-01 0.0000e+00 0.0000e+00 7.8540e-01 -2.7489e+00
2.1249e+00 8.8018e-01 0.0000e+00 0.0000e+00 -7.8540e-01 -2.7489e+00
2.1249e+00 8.8018e-01 0.0000e+00 0.0000e+00 0.0000e+00 -2.7489e+00
2.3000e+00 6.1033e-06 0.0000e+00 0.0000e+00 7.8540e-01 -3.1416e+00
2.3000e+00 6.1033e-06 0.0000e+00 0.0000e+00 -7.8540e-01 -3.1416e+00
2.3000e+00 6.1033e-06 0.0000e+00 0.0000e+00 0.0000e+00 -3.1416e+00
-2.3000e+00 -0.0000e+00 3.0000e-01 0.0000e+00 7.8540e-01 0.0000e+00
-2.3000e+00 -0.0000e+00 3.0000e-01 0.0000e+00 -7.8540e-01 0.0000e+00
-2.3000e+00 -0.0000e+00 3.0000e-01 0.0000e+00 0.0000e+00 0.0000e+00
-2.1249e+00 8.8017e-01 3.0000e-01 0.0000e+00 7.8540e-01 -3.9270e-01
-2.1249e+00 8.8017e-01 3.0000e-01 0.0000e+00 -7.8540e-01 -3.9270e-01
-2.1249e+00 8.8017e-01 3.0000e-01 0.0000e+00 0.0000e+00 -3.9270e-01
-1.6263e+00 1.6263e+00 3.0000e-01 0.0000e+00 7.8540e-01 -7.8540e-01
-1.6263e+00 1.6263e+00 3.0000e-01 0.0000e+00 -7.8540e-01 -7.8540e-01
-1.6263e+00 1.6263e+00 3.0000e-01 0.0000e+00 0.0000e+00 -7.8540e-01
-8.8017e-01 2.1249e+00 3.0000e-01 0.0000e+00 7.8540e-01 -1.1781e+00
-8.8017e-01 2.1249e+00 3.0000e-01 0.0000e+00 -7.8540e-01 -1.1781e+00
-8.8017e-01 2.1249e+00 3.0000e-01 0.0000e+00 0.0000e+00 -1.1781e+00
-3.0516e-06 2.3000e+00 3.0000e-01 0.0000e+00 7.8540e-01 -1.5708e+00
-3.0516e-06 2.3000e+00 3.0000e-01 0.0000e+00 -7.8540e-01 -1.5708e+00
-3.0516e-06 2.3000e+00 3.0000e-01 0.0000e+00 0.0000e+00 -1.5708e+00
8.8017e-01 2.1249e+00 3.0000e-01 0.0000e+00 7.8540e-01 -1.9635e+00
8.8017e-01 2.1249e+00 3.0000e-01 0.0000e+00 -7.8540e-01 -1.9635e+00
8.8017e-01 2.1249e+00 3.0000e-01 0.0000e+00 0.0000e+00 -1.9635e+00
1.6263e+00 1.6263e+00 3.0000e-01 0.0000e+00 7.8540e-01 -2.3562e+00
1.6263e+00 1.6263e+00 3.0000e-01 0.0000e+00 -7.8540e-01 -2.3562e+00
1.6263e+00 1.6263e+00 3.0000e-01 0.0000e+00 0.0000e+00 -2.3562e+00
2.1249e+00 8.8018e-01 3.0000e-01 0.0000e+00 7.8540e-01 -2.7489e+00
2.1249e+00 8.8018e-01 3.0000e-01 0.0000e+00 -7.8540e-01 -2.7489e+00
2.1249e+00 8.8018e-01 3.0000e-01 0.0000e+00 0.0000e+00 -2.7489e+00
2.3000e+00 6.1033e-06 3.0000e-01 0.0000e+00 7.8540e-01 -3.1416e+00
2.3000e+00 6.1033e-06 3.0000e-01 0.0000e+00 -7.8540e-01 -3.1416e+00
2.3000e+00 6.1033e-06 3.0000e-01 0.0000e+00 0.0000e+00 -3.1416e+00
-2.3000e+00 -0.0000e+00 6.0000e-01 0.0000e+00 7.8540e-01 0.0000e+00
-2.3000e+00 -0.0000e+00 6.0000e-01 0.0000e+00 -7.8540e-01 0.0000e+00
-2.3000e+00 -0.0000e+00 6.0000e-01 0.0000e+00 0.0000e+00 0.0000e+00
-2.1249e+00 8.8017e-01 6.0000e-01 0.0000e+00 7.8540e-01 -3.9270e-01
-2.1249e+00 8.8017e-01 6.0000e-01 0.0000e+00 -7.8540e-01 -3.9270e-01
-2.1249e+00 8.8017e-01 6.0000e-01 0.0000e+00 0.0000e+00 -3.9270e-01
-1.6263e+00 1.6263e+00 6.0000e-01 0.0000e+00 7.8540e-01 -7.8540e-01
-1.6263e+00 1.6263e+00 6.0000e-01 0.0000e+00 -7.8540e-01 -7.8540e-01
-1.6263e+00 1.6263e+00 6.0000e-01 0.0000e+00 0.0000e+00 -7.8540e-01
-8.8017e-01 2.1249e+00 6.0000e-01 0.0000e+00 7.8540e-01 -1.1781e+00
-8.8017e-01 2.1249e+00 6.0000e-01 0.0000e+00 -7.8540e-01 -1.1781e+00
-8.8017e-01 2.1249e+00 6.0000e-01 0.0000e+00 0.0000e+00 -1.1781e+00
-3.0516e-06 2.3000e+00 6.0000e-01 0.0000e+00 7.8540e-01 -1.5708e+00
-3.0516e-06 2.3000e+00 6.0000e-01 0.0000e+00 -7.8540e-01 -1.5708e+00
-3.0516e-06 2.3000e+00 6.0000e-01 0.0000e+00 0.0000e+00 -1.5708e+00
8.8017e-01 2.1249e+00 6.0000e-01 0.0000e+00 7.8540e-01 -1.9635e+00
8.8017e-01 2.1249e+00 6.0000e-01 0.0000e+00 -7.8540e-01 -1.9635e+00
8.8017e-01 2.1249e+00 6.0000e-01 0.0000e+00 0.0000e+00 -1.9635e+00
1.6263e+00 1.6263e+00 6.0000e-01 0.0000e+00 7.8540e-01 -2.3562e+00
1.6263e+00 1.6263e+00 6.0000e-01 0.0000e+00 -7.8540e-01 -2.3562e+00
1.6263e+00 1.6263e+00 6.0000e-01 0.0000e+00 0.0000e+00 -2.3562e+00
2.1249e+00 8.8018e-01 6.0000e-01 0.0000e+00 7.8540e-01 -2.7489e+00
2.1249e+00 8.8018e-01 6.0000e-01 0.0000e+00 -7.8540e-01 -2.7489e+00
2.1249e+00 8.8018e-01 6.0000e-01 0.0000e+00 0.0000e+00 -2.7489e+00
2.3000e+00 6.1033e-06 6.0000e-01 0.0000e+00 7.8540e-01 -3.1416e+00
2.3000e+00 6.1033e-06 6.0000e-01 0.0000e+00 -7.8540e-01 -3.1416e+00
2.3000e+00 6.1033e-06 6.0000e-01 0.0000e+00 0.0000e+00 -3.1416e+00
-2.3000e+00 -0.0000e+00 9.0000e-01 0.0000e+00 7.8540e-01 0.0000e+00
-2.3000e+00 -0.0000e+00 9.0000e-01 0.0000e+00 -7.8540e-01 0.0000e+00
-2.3000e+00 -0.0000e+00 9.0000e-01 0.0000e+00 0.0000e+00 0.0000e+00
-2.1249e+00 8.8017e-01 9.0000e-01 0.0000e+00 7.8540e-01 -3.9270e-01
-2.1249e+00 8.8017e-01 9.0000e-01 0.0000e+00 -7.8540e-01 -3.9270e-01
-2.1249e+00 8.8017e-01 9.0000e-01 0.0000e+00 0.0000e+00 -3.9270e-01
-1.6263e+00 1.6263e+00 9.0000e-01 0.0000e+00 7.8540e-01 -7.8540e-01
-1.6263e+00 1.6263e+00 9.0000e-01 0.0000e+00 -7.8540e-01 -7.8540e-01
-1.6263e+00 1.6263e+00 9.0000e-01 0.0000e+00 0.0000e+00 -7.8540e-01
-8.8017e-01 2.1249e+00 9.0000e-01 0.0000e+00 7.8540e-01 -1.1781e+00
-8.8017e-01 2.1249e+00 9.0000e-01 0.0000e+00 -7.8540e-01 -1.1781e+00
-8.8017e-01 2.1249e+00 9.0000e-01 0.0000e+00 0.0000e+00 -1.1781e+00
-3.0516e-06 2.3000e+00 9.0000e-01 0.0000e+00 7.8540e-01 -1.5708e+00
-3.0516e-06 2.3000e+00 9.0000e-01 0.0000e+00 -7.8540e-01 -1.5708e+00
-3.0516e-06 2.3000e+00 9.0000e-01 0.0000e+00 0.0000e+00 -1.5708e+00
8.8017e-01 2.1249e+00 9.0000e-01 0.0000e+00 7.8540e-01 -1.9635e+00
8.8017e-01 2.1249e+00 9.0000e-01 0.0000e+00 -7.8540e-01 -1.9635e+00
8.8017e-01 2.1249e+00 9.0000e-01 0.0000e+00 0.0000e+00 -1.9635e+00
1.6263e+00 1.6263e+00 9.0000e-01 0.0000e+00 7.8540e-01 -2.3562e+00
1.6263e+00 1.6263e+00 9.0000e-01 0.0000e+00 -7.8540e-01 -2.3562e+00
1.6263e+00 1.6263e+00 9.0000e-01 0.0000e+00 0.0000e+00 -2.3562e+00
2.1249e+00 8.8018e-01 9.0000e-01 0.0000e+00 7.8540e-01 -2.7489e+00
2.1249e+00 8.8018e-01 9.0000e-01 0.0000e+00 -7.8540e-01 -2.7489e+00
2.1249e+00 8.8018e-01 9.0000e-01 0.0000e+00 0.0000e+00 -2.7489e+00
2.3000e+00 6.1033e-06 9.0000e-01 0.0000e+00 7.8540e-01 -3.1416e+00
2.3000e+00 6.1033e-06 9.0000e-01 0.0000e+00 -7.8540e-01 -3.1416e+00
2.3000e+00 6.1033e-06 9.0000e-01 0.0000e+00 0.0000e+00 -3.1416e+00
-2.3000e+00 -0.0000e+00 1.2000e+00 0.0000e+00 7.8540e-01 0.0000e+00
-2.3000e+00 -0.0000e+00 1.2000e+00 0.0000e+00 -7.8540e-01 0.0000e+00
-2.3000e+00 -0.0000e+00 1.2000e+00 0.0000e+00 0.0000e+00 0.0000e+00
-2.1249e+00 8.8017e-01 1.2000e+00 0.0000e+00 7.8540e-01 -3.9270e-01
-2.1249e+00 8.8017e-01 1.2000e+00 0.0000e+00 -7.8540e-01 -3.9270e-01
-2.1249e+00 8.8017e-01 1.2000e+00 0.0000e+00 0.0000e+00 -3.9270e-01
-1.6263e+00 1.6263e+00 1.2000e+00 0.0000e+00 7.8540e-01 -7.8540e-01
-1.6263e+00 1.6263e+00 1.2000e+00 0.0000e+00 -7.8540e-01 -7.8540e-01
-1.6263e+00 1.6263e+00 1.2000e+00 0.0000e+00 0.0000e+00 -7.8540e-01
-8.8017e-01 2.1249e+00 1.2000e+00 0.0000e+00 7.8540e-01 -1.1781e+00
-8.8017e-01 2.1249e+00 1.2000e+00 0.0000e+00 -7.8540e-01 -1.1781e+00
-8.8017e-01 2.1249e+00 1.2000e+00 0.0000e+00 0.0000e+00 -1.1781e+00
-3.0516e-06 2.3000e+00 1.2000e+00 0.0000e+00 7.8540e-01 -1.5708e+00
-3.0516e-06 2.3000e+00 1.2000e+00 0.0000e+00 -7.8540e-01 -1.5708e+00
-3.0516e-06 2.3000e+00 1.2000e+00 0.0000e+00 0.0000e+00 -1.5708e+00
8.8017e-01 2.1249e+00 1.2000e+00 0.0000e+00 7.8540e-01 -1.9635e+00
8.8017e-01 2.1249e+00 1.2000e+00 0.0000e+00 -7.8540e-01 -1.9635e+00
8.8017e-01 2.1249e+00 1.2000e+00 0.0000e+00 0.0000e+00 -1.9635e+00
1.6263e+00 1.6263e+00 1.2000e+00 0.0000e+00 7.8540e-01 -2.3562e+00
1.6263e+00 1.6263e+00 1.2000e+00 0.0000e+00 -7.8540e-01 -2.3562e+00
1.6263e+00 1.6263e+00 1.2000e+00 0.0000e+00 0.0000e+00 -2.3562e+00
2.1249e+00 8.8018e-01 1.2000e+00 0.0000e+00 7.8540e-01 -2.7489e+00
2.1249e+00 8.8018e-01 1.2000e+00 0.0000e+00 -7.8540e-01 -2.7489e+00
2.1249e+00 8.8018e-01 1.2000e+00 0.0000e+00 0.0000e+00 -2.7489e+00
2.3000e+00 6.1033e-06 1.2000e+00 0.0000e+00 7.8540e-01 -3.1416e+00
2.3000e+00 6.1033e-06 1.2000e+00 0.0000e+00 -7.8540e-01 -3.1416e+00
2.3000e+00 6.1033e-06 1.2000e+00 0.0000e+00 0.0000e+00 -3.1416e+00
-2.3000e+00 -0.0000e+00 1.5000e+00 0.0000e+00 7.8540e-01 0.0000e+00
-2.3000e+00 -0.0000e+00 1.5000e+00 0.0000e+00 -7.8540e-01 0.0000e+00
-2.3000e+00 -0.0000e+00 1.5000e+00 0.0000e+00 0.0000e+00 0.0000e+00
-2.1249e+00 8.8017e-01 1.5000e+00 0.0000e+00 7.8540e-01 -3.9270e-01
-2.1249e+00 8.8017e-01 1.5000e+00 0.0000e+00 -7.8540e-01 -3.9270e-01
-2.1249e+00 8.8017e-01 1.5000e+00 0.0000e+00 0.0000e+00 -3.9270e-01
-1.6263e+00 1.6263e+00 1.5000e+00 0.0000e+00 7.8540e-01 -7.8540e-01
-1.6263e+00 1.6263e+00 1.5000e+00 0.0000e+00 -7.8540e-01 -7.8540e-01
-1.6263e+00 1.6263e+00 1.5000e+00 0.0000e+00 0.0000e+00 -7.8540e-01
-8.8017e-01 2.1249e+00 1.5000e+00 0.0000e+00 7.8540e-01 -1.1781e+00
-8.8017e-01 2.1249e+00 1.5000e+00 0.0000e+00 -7.8540e-01 -1.1781e+00
-8.8017e-01 2.1249e+00 1.5000e+00 0.0000e+00 0.0000e+00 -1.1781e+00
-3.0516e-06 2.3000e+00 1.5000e+00 0.0000e+00 7.8540e-01 -1.5708e+00
-3.0516e-06 2.3000e+00 1.5000e+00 0.0000e+00 -7.8540e-01 -1.5708e+00
-3.0516e-06 2.3000e+00 1.5000e+00 0.0000e+00 0.0000e+00 -1.5708e+00
8.8017e-01 2.1249e+00 1.5000e+00 0.0000e+00 7.8540e-01 -1.9635e+00
8.8017e-01 2.1249e+00 1.5000e+00 0.0000e+00 -7.8540e-01 -1.9635e+00
8.8017e-01 2.1249e+00 1.5000e+00 0.0000e+00 0.0000e+00 -1.9635e+00
1.6263e+00 1.6263e+00 1.5000e+00 0.0000e+00 7.8540e-01 -2.3562e+00
1.6263e+00 1.6263e+00 1.5000e+00 0.0000e+00 -7.8540e-01 -2.3562e+00
1.6263e+00 1.6263e+00 1.5000e+00 0.0000e+00 0.0000e+00 -2.3562e+00
2.1249e+00 8.8018e-01 1.5000e+00 0.0000e+00 7.8540e-01 -2.7489e+00
2.1249e+00 8.8018e-01 1.5000e+00 0.0000e+00 -7.8540e-01 -2.7489e+00
2.1249e+00 8.8018e-01 1.5000e+00 0.0000e+00 0.0000e+00 -2.7489e+00
2.3000e+00 6.1033e-06 1.5000e+00 0.0000e+00 7.8540e-01 -3.1416e+00
2.3000e+00 6.1033e-06 1.5000e+00 0.0000e+00 -7.8540e-01 -3.1416e+00
2.3000e+00 6.1033e-06 1.5000e+00 0.0000e+00 0.0000e+00 -3.1416e+00
-2.3000e+00 -0.0000e+00 1.8000e+00 0.0000e+00 7.8540e-01 0.0000e+00
-2.3000e+00 -0.0000e+00 1.8000e+00 0.0000e+00 -7.8540e-01 0.0000e+00
-2.3000e+00 -0.0000e+00 1.8000e+00 0.0000e+00 0.0000e+00 0.0000e+00
-2.1249e+00 8.8017e-01 1.8000e+00 0.0000e+00 7.8540e-01 -3.9270e-01
-2.1249e+00 8.8017e-01 1.8000e+00 0.0000e+00 -7.8540e-01 -3.9270e-01
-2.1249e+00 8.8017e-01 1.8000e+00 0.0000e+00 0.0000e+00 -3.9270e-01
-1.6263e+00 1.6263e+00 1.8000e+00 0.0000e+00 7.8540e-01 -7.8540e-01
-1.6263e+00 1.6263e+00 1.8000e+00 0.0000e+00 -7.8540e-01 -7.8540e-01
-1.6263e+00 1.6263e+00 1.8000e+00 0.0000e+00 0.0000e+00 -7.8540e-01
-8.8017e-01 2.1249e+00 1.8000e+00 0.0000e+00 7.8540e-01 -1.1781e+00
-8.8017e-01 2.1249e+00 1.8000e+00 0.0000e+00 -7.8540e-01 -1.1781e+00
-8.8017e-01 2.1249e+00 1.8000e+00 0.0000e+00 0.0000e+00 -1.1781e+00
-3.0516e-06 2.3000e+00 1.8000e+00 0.0000e+00 7.8540e-01 -1.5708e+00
-3.0516e-06 2.3000e+00 1.8000e+00 0.0000e+00 -7.8540e-01 -1.5708e+00
-3.0516e-06 2.3000e+00 1.8000e+00 0.0000e+00 0.0000e+00 -1.5708e+00
8.8017e-01 2.1249e+00 1.8000e+00 0.0000e+00 7.8540e-01 -1.9635e+00
8.8017e-01 2.1249e+00 1.8000e+00 0.0000e+00 -7.8540e-01 -1.9635e+00
8.8017e-01 2.1249e+00 1.8000e+00 0.0000e+00 0.0000e+00 -1.9635e+00
1.6263e+00 1.6263e+00 1.8000e+00 0.0000e+00 7.8540e-01 -2.3562e+00
1.6263e+00 1.6263e+00 1.8000e+00 0.0000e+00 -7.8540e-01 -2.3562e+00
1.6263e+00 1.6263e+00 1.8000e+00 0.0000e+00 0.0000e+00 -2.3562e+00
2.1249e+00 8.8018e-01 1.8000e+00 0.0000e+00 7.8540e-01 -2.7489e+00
2.1249e+00 8.8018e-01 1.8000e+00 0.0000e+00 -7.8540e-01 -2.7489e+00
2.1249e+00 8.8018e-01 1.8000e+00 0.0000e+00 0.0000e+00 -2.7489e+00
2.3000e+00 6.1033e-06 1.8000e+00 0.0000e+00 7.8540e-01 -3.1416e+00
2.3000e+00 6.1033e-06 1.8000e+00 0.0000e+00 -7.8540e-01 -3.1416e+00
2.3000e+00 6.1033e-06 1.8000e+00 0.0000e+00 0.0000e+00 -3.1416e+00
-2.3000e+00 -0.0000e+00 2.1000e+00 0.0000e+00 7.8540e-01 0.0000e+00
-2.3000e+00 -0.0000e+00 2.1000e+00 0.0000e+00 -7.8540e-01 0.0000e+00
-2.3000e+00 -0.0000e+00 2.1000e+00 0.0000e+00 0.0000e+00 0.0000e+00
-2.1249e+00 8.8017e-01 2.1000e+00 0.0000e+00 7.8540e-01 -3.9270e-01
-2.1249e+00 8.8017e-01 2.1000e+00 0.0000e+00 -7.8540e-01 -3.9270e-01
-2.1249e+00 8.8017e-01 2.1000e+00 0.0000e+00 0.0000e+00 -3.9270e-01
-1.6263e+00 1.6263e+00 2.1000e+00 0.0000e+00 7.8540e-01 -7.8540e-01
-1.6263e+00 1.6263e+00 2.1000e+00 0.0000e+00 -7.8540e-01 -7.8540e-01
-1.6263e+00 1.6263e+00 2.1000e+00 0.0000e+00 0.0000e+00 -7.8540e-01
-8.8017e-01 2.1249e+00 2.1000e+00 0.0000e+00 7.8540e-01 -1.1781e+00
-8.8017e-01 2.1249e+00 2.1000e+00 0.0000e+00 -7.8540e-01 -1.1781e+00
-8.8017e-01 2.1249e+00 2.1000e+00 0.0000e+00 0.0000e+00 -1.1781e+00
-3.0516e-06 2.3000e+00 2.1000e+00 0.0000e+00 7.8540e-01 -1.5708e+00
-3.0516e-06 2.3000e+00 2.1000e+00 0.0000e+00 -7.8540e-01 -1.5708e+00
-3.0516e-06 2.3000e+00 2.1000e+00 0.0000e+00 0.0000e+00 -1.5708e+00
8.8017e-01 2.1249e+00 2.1000e+00 0.0000e+00 7.8540e-01 -1.9635e+00
8.8017e-01 2.1249e+00 2.1000e+00 0.0000e+00 -7.8540e-01 -1.9635e+00
8.8017e-01 2.1249e+00 2.1000e+00 0.0000e+00 0.0000e+00 -1.9635e+00
1.6263e+00 1.6263e+00 2.1000e+00 0.0000e+00 7.8540e-01 -2.3562e+00
1.6263e+00 1.6263e+00 2.1000e+00 0.0000e+00 -7.8540e-01 -2.3562e+00
1.6263e+00 1.6263e+00 2.1000e+00 0.0000e+00 0.0000e+00 -2.3562e+00
2.1249e+00 8.8018e-01 2.1000e+00 0.0000e+00 7.8540e-01 -2.7489e+00
2.1249e+00 8.8018e-01 2.1000e+00 0.0000e+00 -7.8540e-01 -2.7489e+00
2.1249e+00 8.8018e-01 2.1000e+00 0.0000e+00 0.0000e+00 -2.7489e+00
2.3000e+00 6.1033e-06 2.1000e+00 0.0000e+00 7.8540e-01 -3.1416e+00
2.3000e+00 6.1033e-06 2.1000e+00 0.0000e+00 -7.8540e-01 -3.1416e+00
2.3000e+00 6.1033e-06 2.1000e+00 0.0000e+00 0.0000e+00 -3.1416e+00
