5.999999999999999778e-01 0.000000000000000000e+00 1.499999999999999944e-01 -3.141592653589793116e+00 1.570796326794896114e+00 0.000000000000000000e+00
5.543277199999999683e-01 2.296100600000000047e-01 1.499999999999999944e-01 2.748893569428105366e+00 1.570796326794896558e+00 0.000000000000000000e+00
4.242640699999999931e-01 4.242640699999999931e-01 1.499999999999999944e-01 2.356194487744284416e+00 1.570796326794896336e+00 0.000000000000000000e+00
2.296100600000000047e-01 5.543277199999999683e-01 1.499999999999999944e-01 1.963495404696175450e+00 1.570796326794896558e+00 0.000000000000000000e+00
0.000000000000000000e+00 5.999999999999999778e-01 1.499999999999999944e-01 1.570796326794896780e+00 1.570796326794896336e+00 0.000000000000000000e+00
-2.296100600000000047e-01 5.543277199999999683e-01 1.499999999999999944e-01 1.178097248893617444e+00 1.570796326794896558e+00 0.000000000000000000e+00
-4.242640699999999931e-01 4.242640699999999931e-01 1.499999999999999944e-01 7.853981658455089221e-01 1.570796326794896558e+00 0.000000000000000000e+00
-5.543277199999999683e-01 2.296100600000000047e-01 1.499999999999999944e-01 3.926990841616880279e-01 1.570796326794896558e+00 0.000000000000000000e+00
-5.999999999999999778e-01 0.000000000000000000e+00 1.499999999999999944e-01 0.000000000000000000e+00 1.570796326794896114e+00 0.000000000000000000e+00
-5.543277199999999683e-01 -2.296100600000000047e-01 1.499999999999999944e-01 -3.926990841616880279e-01 1.570796326794896558e+00 0.000000000000000000e+00
-4.242640699999999931e-01 -4.242640699999999931e-01 1.499999999999999944e-01 -7.853981658455089221e-01 1.570796326794896558e+00 0.000000000000000000e+00
-2.296100600000000047e-01 -5.543277199999999683e-01 1.499999999999999944e-01 -1.178097248893617444e+00 1.570796326794896558e+00 0.000000000000000000e+00
-0.000000000000000000e+00 -5.999999999999999778e-01 1.499999999999999944e-01 -1.570796326794896780e+00 1.570796326794896336e+00 0.000000000000000000e+00
2.296100600000000047e-01 -5.543277199999999683e-01 1.499999999999999944e-01 -1.963495404696175450e+00 1.570796326794896558e+00 0.000000000000000000e+00
4.242640699999999931e-01 -4.242640699999999931e-01 1.499999999999999944e-01 -2.356194487744284416e+00 1.570796326794896336e+00 0.000000000000000000e+00
5.543277199999999683e-01 -2.296100600000000047e-01 1.499999999999999944e-01 -2.748893569428105366e+00 1.570796326794896558e+00 0.000000000000000000e+00
5.999999999999999778e-01 0.000000000000000000e+00 3.499999999999999778e-01 -3.141592653589793116e+00 1.570796326794896114e+00 0.000000000000000000e+00
4.242640699999999931e-01 0.000000000000000000e+00 7.742640699999999709e-01 3.141592653589793116e+00 7.853981609493878580e-01 0.000000000000000000e+00
5.543277199999999683e-01 2.296100600000000047e-01 3.499999999999999778e-01 2.748893569428105366e+00 1.570796326794896558e+00 0.000000000000000000e+00
3.919688900000000142e-01 1.623588300000000095e-01 7.742640699999999709e-01 -3.141592637938535493e+00 7.853981630262376612e-01 3.926990961920691081e-01
4.242640699999999931e-01 4.242640699999999931e-01 3.499999999999999778e-01 2.356194487744284416e+00 1.570796326794896336e+00 0.000000000000000000e+00
2.999999999999999889e-01 2.999999999999999889e-01 7.742640699999999709e-01 3.141592651216698062e+00 7.853981633974485010e-01 7.853981617194170095e-01
2.296100600000000047e-01 5.543277199999999683e-01 3.499999999999999778e-01 1.963495404696175450e+00 1.570796326794896558e+00 0.000000000000000000e+00
1.623588300000000095e-01 3.919688900000000142e-01 7.742640699999999709e-01 -3.141592637938535493e+00 7.853981637686590078e-01 1.178097252737048573e+00
0.000000000000000000e+00 5.999999999999999778e-01 3.499999999999999778e-01 1.570796326794896780e+00 1.570796326794896336e+00 0.000000000000000000e+00
0.000000000000000000e+00 4.242640699999999931e-01 7.742640699999999709e-01 3.141592653589793116e+00 7.853981658455088111e-01 1.570796326794896780e+00
-2.296100600000000047e-01 5.543277199999999683e-01 3.499999999999999778e-01 1.178097248893617444e+00 1.570796326794896558e+00 0.000000000000000000e+00
-1.623588300000000095e-01 3.919688900000000142e-01 7.742640699999999709e-01 3.141592637938535493e+00 7.853981637686590078e-01 1.963495400852744543e+00
-4.242640699999999931e-01 4.242640699999999931e-01 3.499999999999999778e-01 7.853981658455089221e-01 1.570796326794896558e+00 0.000000000000000000e+00
-2.999999999999999889e-01 2.999999999999999889e-01 7.742640699999999709e-01 -3.141592651216698062e+00 7.853981633974483900e-01 2.356194491870376329e+00
-5.543277199999999683e-01 2.296100600000000047e-01 3.499999999999999778e-01 3.926990841616880279e-01 1.570796326794896558e+00 0.000000000000000000e+00
-3.919688900000000142e-01 1.623588300000000095e-01 7.742640699999999709e-01 3.141592637938535493e+00 7.853981630262376612e-01 2.748893557397723786e+00
-5.999999999999999778e-01 0.000000000000000000e+00 3.499999999999999778e-01 0.000000000000000000e+00 1.570796326794896114e+00 0.000000000000000000e+00
-4.242640699999999931e-01 0.000000000000000000e+00 7.742640699999999709e-01 3.141592653589793116e+00 7.853981609493878580e-01 3.141592653589793116e+00
-5.543277199999999683e-01 -2.296100600000000047e-01 3.499999999999999778e-01 -3.926990841616880279e-01 1.570796326794896558e+00 0.000000000000000000e+00
-3.919688900000000142e-01 -1.623588300000000095e-01 7.742640699999999709e-01 -3.141592637938535493e+00 7.853981630262376612e-01 -2.748893557397723786e+00
-4.242640699999999931e-01 -4.242640699999999931e-01 3.499999999999999778e-01 -7.853981658455089221e-01 1.570796326794896558e+00 0.000000000000000000e+00
-2.999999999999999889e-01 -2.999999999999999889e-01 7.742640699999999709e-01 3.141592651216698062e+00 7.853981633974483900e-01 -2.356194491870376329e+00
-2.296100600000000047e-01 -5.543277199999999683e-01 3.499999999999999778e-01 -1.178097248893617444e+00 1.570796326794896558e+00 0.000000000000000000e+00
-1.623588300000000095e-01 -3.919688900000000142e-01 7.742640699999999709e-01 -3.141592637938535493e+00 7.853981637686590078e-01 -1.963495400852744543e+00
-0.000000000000000000e+00 -5.999999999999999778e-01 3.499999999999999778e-01 -1.570796326794896780e+00 1.570796326794896336e+00 0.000000000000000000e+00
-0.000000000000000000e+00 -4.242640699999999931e-01 7.742640699999999709e-01 3.141592653589793116e+00 7.853981658455088111e-01 -1.570796326794896780e+00
2.296100600000000047e-01 -5.543277199999999683e-01 3.499999999999999778e-01 -1.963495404696175450e+00 1.570796326794896558e+00 0.000000000000000000e+00
1.623588300000000095e-01 -3.919688900000000142e-01 7.742640699999999709e-01 3.141592637938535493e+00 7.853981637686590078e-01 -1.178097252737048573e+00
4.242640699999999931e-01 -4.242640699999999931e-01 3.499999999999999778e-01 -2.356194487744284416e+00 1.570796326794896336e+00 0.000000000000000000e+00
2.999999999999999889e-01 -2.999999999999999889e-01 7.742640699999999709e-01 -3.141592651216698062e+00 7.853981633974485010e-01 -7.853981617194170095e-01
5.543277199999999683e-01 -2.296100600000000047e-01 3.499999999999999778e-01 -2.748893569428105366e+00 1.570796326794896558e+00 0.000000000000000000e+00
3.919688900000000142e-01 -1.623588300000000095e-01 7.742640699999999709e-01 3.141592637938535493e+00 7.853981630262376612e-01 -3.926990961920691081e-01
